# cost_draft_tree multilayer orchestrator case v1
meta 19 1 4 16 3 0 8 128 16 4 4 8 1 1 512 1 128 256 512 20260226
eps_abs 1 1.0000000000000001e-05
eps_rel 1 1.0000000000000001e-05
gt_mode 1 mixed
source_flags 3 1 1 1
step_input_tokens_init 4 0 1 2 3
step_input_hidden_states_init 64 0.63409525156021118 -1.2249952554702759 0.023015135899186134 0.41598024964332581 -1.289527416229248 0.73372560739517212 0.96371728181838989 -0.45297104120254517 0.43156865239143372 -0.46402654051780701 1.4227545261383057 -0.56680065393447876 2.595757007598877 -0.10070724040269852 -0.5587189793586731 -0.16786690056324005 0.63409525156021118 -1.2249952554702759 0.023015135899186134 0.41598024964332581 -1.289527416229248 0.73372560739517212 0.96371728181838989 -0.45297104120254517 0.43156865239143372 -0.46402654051780701 1.4227545261383057 -0.56680065393447876 2.595757007598877 -0.10070724040269852 -0.5587189793586731 -0.16786690056324005 0.63409525156021118 -1.2249952554702759 0.023015135899186134 0.41598024964332581 -1.289527416229248 0.73372560739517212 0.96371728181838989 -0.45297104120254517 0.43156865239143372 -0.46402654051780701 1.4227545261383057 -0.56680065393447876 2.595757007598877 -0.10070724040269852 -0.5587189793586731 -0.16786690056324005 0.63409525156021118 -1.2249952554702759 0.023015135899186134 0.41598024964332581 -1.289527416229248 0.73372560739517212 0.96371728181838989 -0.45297104120254517 0.43156865239143372 -0.46402654051780701 1.4227545261383057 -0.56680065393447876 2.595757007598877 -0.10070724040269852 -0.5587189793586731 -0.16786690056324005
step_last_layer_scores_init 4 1 0.94999999999999996 0.90000000000000002 0.84999999999999998
step_topk_indexs_prev_init 4 0 1 2 3
hot_token_id 512 3 10 17 24 31 38 45 52 59 66 73 80 87 94 101 108 115 122 129 136 143 150 157 164 171 178 185 192 199 206 213 220 227 234 241 248 255 262 269 276 283 290 297 304 311 318 325 332 339 346 353 360 367 374 381 388 395 402 409 416 423 430 437 444 451 458 465 472 479 486 493 500 507 2 9 16 23 30 37 44 51 58 65 72 79 86 93 100 107 114 121 128 135 142 149 156 163 170 177 184 191 198 205 212 219 226 233 240 247 254 261 268 275 282 289 296 303 310 317 324 331 338 345 352 359 366 373 380 387 394 401 408 415 422 429 436 443 450 457 464 471 478 485 492 499 506 1 8 15 22 29 36 43 50 57 64 71 78 85 92 99 106 113 120 127 134 141 148 155 162 169 176 183 190 197 204 211 218 225 232 239 246 253 260 267 274 281 288 295 302 309 316 323 330 337 344 351 358 365 372 379 386 393 400 407 414 421 428 435 442 449 456 463 470 477 484 491 498 505 0 7 14 21 28 35 42 49 56 63 70 77 84 91 98 105 112 119 126 133 140 147 154 161 168 175 182 189 196 203 210 217 224 231 238 245 252 259 266 273 280 287 294 301 308 315 322 329 336 343 350 357 364 371 378 385 392 399 406 413 420 427 434 441 448 455 462 469 476 483 490 497 504 511 6 13 20 27 34 41 48 55 62 69 76 83 90 97 104 111 118 125 132 139 146 153 160 167 174 181 188 195 202 209 216 223 230 237 244 251 258 265 272 279 286 293 300 307 314 321 328 335 342 349 356 363 370 377 384 391 398 405 412 419 426 433 440 447 454 461 468 475 482 489 496 503 510 5 12 19 26 33 40 47 54 61 68 75 82 89 96 103 110 117 124 131 138 145 152 159 166 173 180 187 194 201 208 215 222 229 236 243 250 257 264 271 278 285 292 299 306 313 320 327 334 341 348 355 362 369 376 383 390 397 404 411 418 425 432 439 446 453 460 467 474 481 488 495 502 509 4 11 18 25 32 39 46 53 60 67 74 81 88 95 102 109 116 123 130 137 144 151 158 165 172 179 186 193 200 207 214 221 228 235 242 249 256 263 270 277 284 291 298 305 312 319 326 333 340 347 354 361 368 375 382 389 396 403 410 417 424 431 438 445 452 459 466 473 480 487 494 501 508
initial_hidden_states 16 0.63409525156021118 -1.2249952554702759 0.023015135899186134 0.41598024964332581 -1.289527416229248 0.73372560739517212 0.96371728181838989 -0.45297104120254517 0.43156865239143372 -0.46402654051780701 1.4227545261383057 -0.56680065393447876 2.595757007598877 -0.10070724040269852 -0.5587189793586731 -0.16786690056324005
initial_topk_probas 4 0.12720794975757599 0.81673628091812134 0.54399925470352173 0.66007906198501587
initial_topk_tokens 4 53 95 425 237
policy_next_tree_width 3 4 3 4
policy_next_verify_num 3 8 8 8
policy_stop_signal 3 0 0 0
recurrent_topk_probas 48 0.88719215926419381 0.82438417356372273 0.93481429805513905 0.39038201734383765 0.28375214005915234 0.75777591156446888 0.53228624798109636 0.46665750703564446 0.72188767558098532 0.66074696653819198 0.80098470023674739 0.94411523295236166 0.80980082695611233 0.37718006475323396 0.54108798031997918 0.62754817360584347 0.12720794975757599 0.81673628091812134 0.54399925470352173 0.66007906198501587 0.27205571532249451 0.97367024421691895 0.39033454656600952 0.33944731950759888 0.54512196779251099 0.73119401931762695 0.38643732666969299 0.59588539600372314 0.75783234834671021 0.2125934511423111 0.71979689598083496 0.98449540138244629 0.71925331401889547 0.64246798136126815 0.79354313469364324 0.80288061345178874 0.28809478316508558 0.62915483847458487 0.98423240734166373 0.40719931019417327 0.38679146088808614 0.66092976218697219 0.87842133665397681 0.3677780845528118 0.77059981685700807 0.31899146456073657 0.81059307618400189 0.79491348339522983
recurrent_topk_tokens 48 183 401 361 111 30 33 471 176 316 488 454 498 46 138 83 103 53 95 425 237 261 244 246 186 409 458 71 438 439 390 390 135 506 306 127 315 323 27 226 213 405 127 492 488 160 102 375 387
expected_mask_recurrent_depth 3 0 1 0
init_legacy_cumu_tokens 128 -999 -999 -999 -999 -999 -999 -999 -999 -999 -999 -999 -999 -999 -999 -999 -999 -999 -999 -999 -999 -999 -999 -999 -999 -999 -999 -999 -999 -999 -999 -999 -999 -999 -999 -999 -999 -999 -999 -999 -999 -999 -999 -999 -999 -999 -999 -999 -999 -999 -999 -999 -999 -999 -999 -999 -999 -999 -999 -999 -999 -999 -999 -999 -999 -999 -999 -999 -999 -999 -999 -999 -999 -999 -999 -999 -999 -999 -999 -999 -999 -999 -999 -999 -999 -999 -999 -999 -999 -999 -999 -999 -999 -999 -999 -999 -999 -999 -999 -999 -999 -999 -999 -999 -999 -999 -999 -999 -999 -999 -999 -999 -999 -999 -999 -999 -999 -999 -999 -999 -999 -999 -999 -999 -999 -999 -999 -999 -999
init_legacy_cumu_scores 128 -5 -5 -5 -5 -5 -5 -5 -5 -5 -5 -5 -5 -5 -5 -5 -5 -5 -5 -5 -5 -5 -5 -5 -5 -5 -5 -5 -5 -5 -5 -5 -5 -5 -5 -5 -5 -5 -5 -5 -5 -5 -5 -5 -5 -5 -5 -5 -5 -5 -5 -5 -5 -5 -5 -5 -5 -5 -5 -5 -5 -5 -5 -5 -5 -5 -5 -5 -5 -5 -5 -5 -5 -5 -5 -5 -5 -5 -5 -5 -5 -5 -5 -5 -5 -5 -5 -5 -5 -5 -5 -5 -5 -5 -5 -5 -5 -5 -5 -5 -5 -5 -5 -5 -5 -5 -5 -5 -5 -5 -5 -5 -5 -5 -5 -5 -5 -5 -5 -5 -5 -5 -5 -5 -5 -5 -5 -5 -5
init_legacy_cumu_deltas 128 -1 -1 -1 -1 -1 -1 -1 -1 -1 -1 -1 -1 -1 -1 -1 -1 -1 -1 -1 -1 -1 -1 -1 -1 -1 -1 -1 -1 -1 -1 -1 -1 -1 -1 -1 -1 -1 -1 -1 -1 -1 -1 -1 -1 -1 -1 -1 -1 -1 -1 -1 -1 -1 -1 -1 -1 -1 -1 -1 -1 -1 -1 -1 -1 -1 -1 -1 -1 -1 -1 -1 -1 -1 -1 -1 -1 -1 -1 -1 -1 -1 -1 -1 -1 -1 -1 -1 -1 -1 -1 -1 -1 -1 -1 -1 -1 -1 -1 -1 -1 -1 -1 -1 -1 -1 -1 -1 -1 -1 -1 -1 -1 -1 -1 -1 -1 -1 -1 -1 -1 -1 -1 -1 -1 -1 -1 -1 -1
init_legacy_prev_indexs 128 -1 -1 -1 -1 -1 -1 -1 -1 -1 -1 -1 -1 -1 -1 -1 -1 -1 -1 -1 -1 -1 -1 -1 -1 -1 -1 -1 -1 -1 -1 -1 -1 -1 -1 -1 -1 -1 -1 -1 -1 -1 -1 -1 -1 -1 -1 -1 -1 -1 -1 -1 -1 -1 -1 -1 -1 -1 -1 -1 -1 -1 -1 -1 -1 -1 -1 -1 -1 -1 -1 -1 -1 -1 -1 -1 -1 -1 -1 -1 -1 -1 -1 -1 -1 -1 -1 -1 -1 -1 -1 -1 -1 -1 -1 -1 -1 -1 -1 -1 -1 -1 -1 -1 -1 -1 -1 -1 -1 -1 -1 -1 -1 -1 -1 -1 -1 -1 -1 -1 -1 -1 -1 -1 -1 -1 -1 -1 -1
init_legacy_next_indexs 128 -1 -1 -1 -1 -1 -1 -1 -1 -1 -1 -1 -1 -1 -1 -1 -1 -1 -1 -1 -1 -1 -1 -1 -1 -1 -1 -1 -1 -1 -1 -1 -1 -1 -1 -1 -1 -1 -1 -1 -1 -1 -1 -1 -1 -1 -1 -1 -1 -1 -1 -1 -1 -1 -1 -1 -1 -1 -1 -1 -1 -1 -1 -1 -1 -1 -1 -1 -1 -1 -1 -1 -1 -1 -1 -1 -1 -1 -1 -1 -1 -1 -1 -1 -1 -1 -1 -1 -1 -1 -1 -1 -1 -1 -1 -1 -1 -1 -1 -1 -1 -1 -1 -1 -1 -1 -1 -1 -1 -1 -1 -1 -1 -1 -1 -1 -1 -1 -1 -1 -1 -1 -1 -1 -1 -1 -1 -1 -1
init_legacy_side_indexs 128 -1 -1 -1 -1 -1 -1 -1 -1 -1 -1 -1 -1 -1 -1 -1 -1 -1 -1 -1 -1 -1 -1 -1 -1 -1 -1 -1 -1 -1 -1 -1 -1 -1 -1 -1 -1 -1 -1 -1 -1 -1 -1 -1 -1 -1 -1 -1 -1 -1 -1 -1 -1 -1 -1 -1 -1 -1 -1 -1 -1 -1 -1 -1 -1 -1 -1 -1 -1 -1 -1 -1 -1 -1 -1 -1 -1 -1 -1 -1 -1 -1 -1 -1 -1 -1 -1 -1 -1 -1 -1 -1 -1 -1 -1 -1 -1 -1 -1 -1 -1 -1 -1 -1 -1 -1 -1 -1 -1 -1 -1 -1 -1 -1 -1 -1 -1 -1 -1 -1 -1 -1 -1 -1 -1 -1 -1 -1 -1
init_legacy_output_scores 4 -7 -7 -7 -7
init_legacy_output_tokens 4 -3 -3 -3 -3
init_legacy_work_scores 20 -9 -9 -9 -9 -9 -9 -9 -9 -9 -9 -9 -9 -9 -9 -9 -9 -9 -9 -9 -9
init_legacy_sort_scores 16 2 1.9900000095367432 1.9800000190734863 1.9700000286102295 1.9600000381469727 1.9500000476837158 1.940000057220459 1.9299999475479126 -11 -11 -11 -11 -11 -11 -11 -11
expected_io_tree_width 1 4
expected_io_verify_num 1 8
expected_io_cumu_count 1 33
expected_executed_depths 1 3
expected_stopped_early 1 0
expected_cumu_tokens 128 -1 -1 -1 -1 -1 -1 -1 -1 -1 -1 -1 -1 -1 -1 -1 -1 -1 -1 -1 -1 -1 -1 -1 -1 -1 -1 -1 -1 -1 -1 -1 -1 -1 -1 -1 -1 -1 -1 -1 -1 -1 -1 -1 -1 -1 -1 -1 -1 -1 -1 -1 -1 -1 -1 -1 -1 -1 -1 -1 -1 -1 -1 -1 -1 -1 -1 -1 -1 -1 -1 -1 -1 -1 -1 -1 -1 -1 -1 -1 -1 -1 -1 -1 -1 -1 -1 -1 -1 -1 -1 -1 -1 -1 -1 -1 -1 -1 -1 -1 -1 -1 -1 -1 -1 -1 -1 -1 -1 -1 -1 -1 -1 -1 -1 -1 -1 -1 -1 -1 -1 -1 -1 -1 -1 -1 -1 -1 -1
expected_cumu_scores 128 0 0 0 0 0 0 0 0 0 0 0 0 0 0 0 0 0 0 0 0 0 0 0 0 0 0 0 0 0 0 0 0 0 0 0 0 0 0 0 0 0 0 0 0 0 0 0 0 0 0 0 0 0 0 0 0 0 0 0 0 0 0 0 0 0 0 0 0 0 0 0 0 0 0 0 0 0 0 0 0 0 0 0 0 0 0 0 0 0 0 0 0 0 0 0 0 0 0 0 0 0 0 0 0 0 0 0 0 0 0 0 0 0 0 0 0 0 0 0 0 0 0 0 0 0 0 0 0
expected_cumu_deltas 128 -1 -1 -1 -1 -1 -1 -1 -1 -1 -1 -1 -1 -1 -1 -1 -1 -1 -1 -1 -1 -1 -1 -1 -1 -1 -1 -1 -1 -1 -1 -1 -1 -1 -1 -1 -1 -1 -1 -1 -1 -1 -1 -1 -1 -1 -1 -1 -1 -1 -1 -1 -1 -1 -1 -1 -1 -1 -1 -1 -1 -1 -1 -1 -1 -1 -1 -1 -1 -1 -1 -1 -1 -1 -1 -1 -1 -1 -1 -1 -1 -1 -1 -1 -1 -1 -1 -1 -1 -1 -1 -1 -1 -1 -1 -1 -1 -1 -1 -1 -1 -1 -1 -1 -1 -1 -1 -1 -1 -1 -1 -1 -1 -1 -1 -1 -1 -1 -1 -1 -1 -1 -1 -1 -1 -1 -1 -1 -1
expected_output_scores 4 0 0 0 0
expected_output_tokens 4 -1 -1 -1 -1
expected_mask_fields 10 0 0 0 0 0 0 0 0 0 0
